--- Chou-Fasman propensities ---
A 1.42 0.83 0.66 0.06 0.076 0.035 0.058
C 0.7 1.19 1.19 0.149 0.05 0.117 0.128
D 1.01 0.54 1.46 0.147 0.11 0.179 0.081
E 1.51 0.37 0.74 0.056 0.06 0.077 0.064
F 1.13 1.38 0.6 0.059 0.041 0.065 0.065
G 0.57 0.75 1.56 0.102 0.085 0.19 0.152
H 1.0 0.87 0.95 0.14 0.047 0.093 0.054
I 1.08 1.6 0.47 0.043 0.034 0.013 0.056
K 1.14 0.74 1.01 0.055 0.115 0.072 0.095
L 1.21 1.3 0.59 0.061 0.025 0.036 0.07
M 1.45 1.05 0.6 0.068 0.082 0.014 0.055
N 0.67 0.89 1.56 0.161 0.083 0.191 0.091
P 0.57 0.55 1.52 0.102 0.301 0.034 0.068
Q 1.11 1.1 0.98 0.074 0.098 0.037 0.098
R 0.98 0.93 0.95 0.07 0.106 0.099 0.085
S 0.77 0.75 1.43 0.12 0.139 0.125 0.106
T 0.83 1.19 0.96 0.086 0.108 0.065 0.079
V 1.06 1.7 0.5 0.062 0.048 0.028 0.053
W 1.08 1.37 0.96 0.077 0.013 0.064 0.167
Y 0.69 1.47 1.14 0.082 0.065 0.114 0.125
---
